 &plot nbnd=   6, nks=    91 /
            0.000000  0.000000  0.000000
   -8.130   13.361   13.361   13.361   18.985   18.985
            0.016667  0.000000  0.016667
   -8.125   13.329   13.338   13.357   18.990   19.002
            0.033333  0.000000  0.033333
   -8.109   13.236   13.273   13.348   19.006   19.053
            0.050000  0.000000  0.050000
   -8.084   13.087   13.166   13.332   19.032   19.136
            0.066667  0.000000  0.066667
   -8.048   12.889   13.022   13.310   19.069   19.247
            0.083333  0.000000  0.083333
   -8.002   12.653   12.845   13.281   19.115   19.382
            0.100000  0.000000  0.100000
   -7.945   12.384   12.639   13.245   19.173   19.538
            0.116667  0.000000  0.116667
   -7.879   12.091   12.410   13.203   19.240   19.711
            0.133333  0.000000  0.133333
   -7.802   11.779   12.161   13.153   19.318   19.898
            0.150000  0.000000  0.150000
   -7.715   11.453   11.895   13.097   19.406   20.097
            0.166667  0.000000  0.166667
   -7.618   11.117   11.616   13.033   19.505   20.306
            0.183333  0.000000  0.183333
   -7.511   10.773   11.327   12.961   19.613   20.524
            0.200000  0.000000  0.200000
   -7.394   10.425   11.029   12.882   19.731   20.748
            0.216667  0.000000  0.216667
   -7.267   10.075   10.725   12.796   19.860   20.979
            0.233333  0.000000  0.233333
   -7.129    9.723   10.417   12.701   19.997   21.217
            0.250000  0.000000  0.250000
   -6.982    9.372   10.105   12.599   20.145   21.459
            0.266667  0.000000  0.266667
   -6.825    9.022    9.792   12.489   20.303   21.706
            0.283333  0.000000  0.283333
   -6.659    8.675    9.479   12.372   20.469   21.820
            0.300000  0.000000  0.300000
   -6.482    8.332    9.166   12.248   20.645   21.913
            0.316667  0.000000  0.316667
   -6.296    7.992    8.855   12.116   20.831   21.984
            0.333333  0.000000  0.333333
   -6.101    7.657    8.546   11.978   21.025   22.031
            0.350000  0.000000  0.350000
   -5.896    7.328    8.240   11.833   21.228   22.056
            0.366667  0.000000  0.366667
   -5.682    7.003    7.939   11.683   21.439   22.056
            0.383333  0.000000  0.383333
   -5.459    6.685    7.642   11.527   21.659   22.034
            0.400000  0.000000  0.400000
   -5.227    6.373    7.350   11.367   21.886   21.989
            0.416667  0.000000  0.416667
   -4.986    6.068    7.064   11.202   21.923   22.122
            0.433333  0.000000  0.433333
   -4.737    5.770    6.785   11.034   21.838   22.365
            0.450000  0.000000  0.450000
   -4.480    5.479    6.513   10.862   21.736   22.615
            0.466667  0.000000  0.466667
   -4.215    5.195    6.248   10.689   21.618   22.872
            0.483333  0.000000  0.483333
   -3.942    4.918    5.991   10.514   21.488   23.136
            0.500000  0.000000  0.500000
   -3.663    4.650    5.744   10.338   21.347   23.405
            0.495833  0.012500  0.508333
   -3.626    4.587    5.744   10.313   21.334   23.430
            0.491667  0.025000  0.516667
   -3.584    4.476    5.796   10.282   21.331   23.436
            0.487500  0.037500  0.525000
   -3.539    4.331    5.885   10.245   21.338   23.424
            0.483333  0.050000  0.533333
   -3.490    4.165    5.996   10.202   21.355   23.394
            0.479167  0.062500  0.541667
   -3.437    3.989    6.121   10.154   21.382   23.346
            0.475000  0.075000  0.550000
   -3.381    3.807    6.255   10.101   21.418   23.281
            0.470833  0.087500  0.558333
   -3.320    3.622    6.394   10.043   21.461   23.202
            0.466667  0.100000  0.566667
   -3.256    3.437    6.536    9.980   21.513   23.109
            0.462500  0.112500  0.575000
   -3.189    3.252    6.679    9.914   21.570   23.006
            0.458333  0.125000  0.583333
   -3.118    3.068    6.823    9.845   21.630   22.897
            0.454167  0.137500  0.591667
   -3.043    2.887    6.965    9.774   21.689   22.788
            0.450000  0.150000  0.600000
   -2.966    2.709    7.105    9.700   21.741   22.688
            0.445833  0.162500  0.608333
   -2.886    2.534    7.241    9.626   21.774   22.610
            0.441667  0.175000  0.616667
   -2.802    2.363    7.372    9.553   21.774   22.569
            0.437500  0.187500  0.625000
   -2.717    2.197    7.496    9.481   21.732   22.576
            0.433333  0.200000  0.633333
   -2.629    2.035    7.611    9.412   21.653   22.628
            0.429167  0.212500  0.641667
   -2.539    1.878    7.715    9.349   21.550   22.713
            0.425000  0.225000  0.650000
   -2.448    1.727    7.805    9.295   21.435   22.819
            0.420833  0.237500  0.658333
   -2.356    1.583    7.878    9.251   21.316   22.939
            0.416667  0.250000  0.666667
   -2.264    1.446    7.930    9.220   21.199   23.070
            0.412500  0.262500  0.675000
   -2.172    1.317    7.959    9.206   21.086   23.208
            0.408333  0.275000  0.683333
   -2.082    1.197    7.964    9.207   20.981   23.350
            0.404167  0.287500  0.691667
   -1.994    1.087    7.947    9.222   20.885   23.495
            0.400000  0.300000  0.700000
   -1.911    0.989    7.911    9.248   20.801   23.640
            0.395833  0.312500  0.708333
   -1.833    0.904    7.860    9.280   20.728   23.783
            0.391667  0.325000  0.716667
   -1.763    0.834    7.797    9.314   20.669   23.921
            0.387500  0.337500  0.725000
   -1.702    0.782    7.725    9.346   20.625   24.046
            0.383333  0.350000  0.733333
   -1.652    0.748    7.648    9.375   20.596   24.152
            0.379167  0.362500  0.741667
   -1.616    0.734    7.566    9.397   20.583   24.225
            0.375000  0.375000  0.750000
   -1.593    0.742    7.481    9.413   20.585   24.254
            0.362500  0.362500  0.725000
   -1.712    0.772    7.741    9.386   20.557   24.231
            0.350000  0.350000  0.700000
   -1.951    0.948    8.006    9.374   20.536   24.196
            0.337500  0.337500  0.675000
   -2.263    1.226    8.274    9.377   20.522   24.149
            0.325000  0.325000  0.650000
   -2.612    1.568    8.544    9.395   20.511   24.092
            0.312500  0.312500  0.625000
   -2.976    1.953    8.815    9.429   20.504   24.024
            0.300000  0.300000  0.600000
   -3.344    2.369    9.087    9.478   20.496   23.944
            0.287500  0.287500  0.575000
   -3.707    2.809    9.358    9.542   20.485   23.853
            0.275000  0.275000  0.550000
   -4.064    3.268    9.622    9.627   20.470   23.749
            0.262500  0.262500  0.525000
   -4.410    3.745    9.717    9.893   20.448   23.631
            0.250000  0.250000  0.500000
   -4.744    4.236    9.827   10.156   20.416   23.475
            0.237500  0.237500  0.475000
   -5.065    4.740    9.952   10.413   20.374   23.284
            0.225000  0.225000  0.450000
   -5.372    5.256   10.092   10.666   20.321   23.086
            0.212500  0.212500  0.425000
   -5.664    5.781   10.246   10.911   20.256   22.882
            0.200000  0.200000  0.400000
   -5.941    6.315   10.413   11.150   20.182   22.672
            0.187500  0.187500  0.375000
   -6.203    6.856   10.594   11.382   20.098   22.453
            0.175000  0.175000  0.350000
   -6.448    7.403   10.786   11.605   20.006   22.227
            0.162500  0.162500  0.325000
   -6.678    7.953   10.990   11.818   19.909   21.991
            0.150000  0.150000  0.300000
   -6.891    8.505   11.204   12.022   19.808   21.747
            0.137500  0.137500  0.275000
   -7.088    9.055   11.426   12.216   19.705   21.478
            0.125000  0.125000  0.250000
   -7.268    9.602   11.654   12.397   19.603   21.177
            0.112500  0.112500  0.225000
   -7.431   10.140   11.886   12.567   19.503   20.870
            0.100000  0.100000  0.200000
   -7.577   10.667   12.120   12.723   19.408   20.564
            0.087500  0.087500  0.175000
   -7.706   11.177   12.350   12.865   19.318   20.263
            0.075000  0.075000  0.150000
   -7.819   11.662   12.574   12.991   19.236   19.975
            0.062500  0.062500  0.125000
   -7.913   12.113   12.783   13.101   19.163   19.707
            0.050000  0.050000  0.100000
   -7.991   12.519   12.972   13.193   19.101   19.468
            0.037500  0.037500  0.075000
   -8.052   12.864   13.133   13.265   19.051   19.267
            0.025000  0.025000  0.050000
   -8.095   13.131   13.256   13.318   19.015   19.114
            0.012500  0.012500  0.025000
   -8.121   13.302   13.334   13.350   18.993   19.018
            0.000000  0.000000  0.000000
   -8.130   13.361   13.361   13.361   18.985   18.985
