# Time	KE	PE	Total
0.000000	4.500000e-02	5.000000e-03	5.000000e-02
0.010000	4.500000e-02	5.000000e-03	5.000000e-02
0.020000	4.500000e-02	6.050000e-03	5.105000e-02
0.030000	4.500000e-02	6.050000e-03	5.105000e-02
0.040000	4.500000e-02	6.050000e-03	5.105000e-02
0.050000	4.205000e-02	6.050000e-03	4.810000e-02
0.060000	4.205000e-02	7.200000e-03	4.925000e-02
0.070000	4.205000e-02	7.200000e-03	4.925000e-02
0.080000	4.205000e-02	7.200000e-03	4.925000e-02
0.090000	4.205000e-02	8.450000e-03	5.050000e-02
0.100000	4.205000e-02	8.450000e-03	5.050000e-02
0.110000	4.205000e-02	8.450000e-03	5.050000e-02
0.120000	4.205000e-02	9.800000e-03	5.185000e-02
0.130000	3.920000e-02	9.800000e-03	4.900000e-02
0.140000	3.920000e-02	9.800000e-03	4.900000e-02
0.150000	3.920000e-02	9.800000e-03	4.900000e-02
0.160000	3.920000e-02	1.125000e-02	5.045000e-02
0.170000	3.920000e-02	1.125000e-02	5.045000e-02
0.180000	3.920000e-02	1.125000e-02	5.045000e-02
0.190000	3.920000e-02	1.125000e-02	5.045000e-02
0.200000	3.645000e-02	1.280000e-02	4.925000e-02
0.210000	3.645000e-02	1.280000e-02	4.925000e-02
0.220000	3.645000e-02	1.280000e-02	4.925000e-02
0.230000	3.645000e-02	1.445000e-02	5.090000e-02
0.240000	3.645000e-02	1.445000e-02	5.090000e-02
0.250000	3.645000e-02	1.445000e-02	5.090000e-02
0.260000	3.380000e-02	1.445000e-02	4.825000e-02
0.270000	3.380000e-02	1.620000e-02	5.000000e-02
0.280000	3.380000e-02	1.620000e-02	5.000000e-02
0.290000	3.380000e-02	1.620000e-02	5.000000e-02
0.300000	3.380000e-02	1.620000e-02	5.000000e-02
0.310000	3.380000e-02	1.805000e-02	5.185000e-02
0.320000	3.125000e-02	1.805000e-02	4.930000e-02
0.330000	3.125000e-02	1.805000e-02	4.930000e-02
0.340000	3.125000e-02	1.805000e-02	4.930000e-02
0.350000	3.125000e-02	2.000000e-02	5.125000e-02
0.360000	3.125000e-02	2.000000e-02	5.125000e-02
0.370000	2.880000e-02	2.000000e-02	4.880000e-02
0.380000	2.880000e-02	2.000000e-02	4.880000e-02
0.390000	2.880000e-02	2.205000e-02	5.085000e-02
0.400000	2.880000e-02	2.205000e-02	5.085000e-02
0.410000	2.880000e-02	2.205000e-02	5.085000e-02
0.420000	2.645000e-02	2.205000e-02	4.850000e-02
0.430000	2.645000e-02	2.420000e-02	5.065000e-02
0.440000	2.645000e-02	2.420000e-02	5.065000e-02
0.450000	2.645000e-02	2.420000e-02	5.065000e-02
0.460000	2.645000e-02	2.420000e-02	5.065000e-02
0.470000	2.420000e-02	2.420000e-02	4.840000e-02
0.480000	2.420000e-02	2.645000e-02	5.065000e-02
0.490000	2.420000e-02	2.645000e-02	5.065000e-02
0.500000	2.420000e-02	2.645000e-02	5.065000e-02
0.510000	2.205000e-02	2.645000e-02	4.850000e-02
0.520000	2.205000e-02	2.880000e-02	5.085000e-02
0.530000	2.205000e-02	2.880000e-02	5.085000e-02
0.540000	2.205000e-02	2.880000e-02	5.085000e-02
0.550000	2.000000e-02	2.880000e-02	4.880000e-02
0.560000	2.000000e-02	2.880000e-02	4.880000e-02
0.570000	2.000000e-02	3.125000e-02	5.125000e-02
0.580000	2.000000e-02	3.125000e-02	5.125000e-02
0.590000	1.805000e-02	3.125000e-02	4.930000e-02
0.600000	1.805000e-02	3.125000e-02	4.930000e-02
0.610000	1.805000e-02	3.125000e-02	4.930000e-02
0.620000	1.805000e-02	3.380000e-02	5.185000e-02
0.630000	1.620000e-02	3.380000e-02	5.000000e-02
0.640000	1.620000e-02	3.380000e-02	5.000000e-02
0.650000	1.620000e-02	3.380000e-02	5.000000e-02
0.660000	1.620000e-02	3.380000e-02	5.000000e-02
0.670000	1.445000e-02	3.380000e-02	4.825000e-02
0.680000	1.445000e-02	3.645000e-02	5.090000e-02
0.690000	1.445000e-02	3.645000e-02	5.090000e-02
0.700000	1.445000e-02	3.645000e-02	5.090000e-02
0.710000	1.280000e-02	3.645000e-02	4.925000e-02
0.720000	1.280000e-02	3.645000e-02	4.925000e-02
0.730000	1.280000e-02	3.645000e-02	4.925000e-02
0.740000	1.280000e-02	3.920000e-02	5.200000e-02
0.750000	1.125000e-02	3.920000e-02	5.045000e-02
0.760000	1.125000e-02	3.920000e-02	5.045000e-02
0.770000	1.125000e-02	3.920000e-02	5.045000e-02
0.780000	9.800000e-03	3.920000e-02	4.900000e-02
0.790000	9.800000e-03	3.920000e-02	4.900000e-02
0.800000	9.800000e-03	3.920000e-02	4.900000e-02
0.810000	9.800000e-03	4.205000e-02	5.185000e-02
0.820000	8.450000e-03	4.205000e-02	5.050000e-02
0.830000	8.450000e-03	4.205000e-02	5.050000e-02
0.840000	8.450000e-03	4.205000e-02	5.050000e-02
0.850000	7.200000e-03	4.205000e-02	4.925000e-02
0.860000	7.200000e-03	4.205000e-02	4.925000e-02
0.870000	7.200000e-03	4.205000e-02	4.925000e-02
0.880000	7.200000e-03	4.205000e-02	4.925000e-02
0.890000	6.050000e-03	4.500000e-02	5.105000e-02
0.900000	6.050000e-03	4.500000e-02	5.105000e-02
0.910000	6.050000e-03	4.500000e-02	5.105000e-02
0.920000	5.000000e-03	4.500000e-02	5.000000e-02
0.930000	5.000000e-03	4.500000e-02	5.000000e-02
0.940000	5.000000e-03	4.500000e-02	5.000000e-02
0.950000	4.050000e-03	4.500000e-02	4.905000e-02
0.960000	4.050000e-03	4.500000e-02	4.905000e-02
0.970000	4.050000e-03	4.500000e-02	4.905000e-02
0.980000	4.050000e-03	4.500000e-02	4.905000e-02
0.990000	3.200000e-03	4.805000e-02	5.125000e-02
1.000000	3.200000e-03	4.805000e-02	5.125000e-02
1.010000	3.200000e-03	4.805000e-02	5.125000e-02
1.020000	2.450000e-03	4.805000e-02	5.050000e-02
1.030000	2.450000e-03	4.805000e-02	5.050000e-02
1.040000	2.450000e-03	4.805000e-02	5.050000e-02
1.050000	1.800000e-03	4.805000e-02	4.985000e-02
1.060000	1.800000e-03	4.805000e-02	4.985000e-02
1.070000	1.800000e-03	4.805000e-02	4.985000e-02
1.080000	1.250000e-03	4.805000e-02	4.930000e-02
1.090000	1.250000e-03	4.805000e-02	4.930000e-02
1.100000	1.250000e-03	4.805000e-02	4.930000e-02
1.110000	1.250000e-03	4.805000e-02	4.930000e-02
1.120000	8.000000e-04	4.805000e-02	4.885000e-02
1.130000	8.000000e-04	4.805000e-02	4.885000e-02
1.140000	8.000000e-04	4.805000e-02	4.885000e-02
1.150000	4.500000e-04	4.805000e-02	4.850000e-02
1.160000	4.500000e-04	4.805000e-02	4.850000e-02
1.170000	4.500000e-04	4.805000e-02	4.850000e-02
1.180000	2.000000e-04	5.120000e-02	5.140000e-02
1.190000	2.000000e-04	5.120000e-02	5.140000e-02
1.200000	2.000000e-04	5.120000e-02	5.140000e-02
1.210000	5.000000e-05	5.120000e-02	5.125000e-02
1.220000	5.000000e-05	5.120000e-02	5.125000e-02
1.230000	5.000000e-05	5.120000e-02	5.125000e-02
1.240000	0.000000e+00	5.120000e-02	5.120000e-02
1.250000	0.000000e+00	5.120000e-02	5.120000e-02
1.260000	0.000000e+00	5.120000e-02	5.120000e-02
1.270000	5.000000e-05	5.120000e-02	5.125000e-02
1.280000	5.000000e-05	5.120000e-02	5.125000e-02
1.290000	5.000000e-05	5.120000e-02	5.125000e-02
1.300000	5.000000e-05	5.120000e-02	5.125000e-02
1.310000	2.000000e-04	5.120000e-02	5.140000e-02
1.320000	2.000000e-04	4.805000e-02	4.825000e-02
1.330000	2.000000e-04	4.805000e-02	4.825000e-02
1.340000	4.500000e-04	4.805000e-02	4.850000e-02
1.350000	4.500000e-04	4.805000e-02	4.850000e-02
1.360000	4.500000e-04	4.805000e-02	4.850000e-02
1.370000	8.000000e-04	4.805000e-02	4.885000e-02
1.380000	8.000000e-04	4.805000e-02	4.885000e-02
1.390000	8.000000e-04	4.805000e-02	4.885000e-02
1.400000	1.250000e-03	4.805000e-02	4.930000e-02
1.410000	1.250000e-03	4.805000e-02	4.930000e-02
1.420000	1.250000e-03	4.805000e-02	4.930000e-02
1.430000	1.800000e-03	4.805000e-02	4.985000e-02
1.440000	1.800000e-03	4.805000e-02	4.985000e-02
1.450000	1.800000e-03	4.805000e-02	4.985000e-02
1.460000	1.800000e-03	4.805000e-02	4.985000e-02
1.470000	2.450000e-03	4.805000e-02	5.050000e-02
1.480000	2.450000e-03	4.805000e-02	5.050000e-02
1.490000	2.450000e-03	4.805000e-02	5.050000e-02
1.500000	3.200000e-03	4.805000e-02	5.125000e-02
1.510000	3.200000e-03	4.805000e-02	5.125000e-02
1.520000	3.200000e-03	4.500000e-02	4.820000e-02
1.530000	4.050000e-03	4.500000e-02	4.905000e-02
1.540000	4.050000e-03	4.500000e-02	4.905000e-02
1.550000	4.050000e-03	4.500000e-02	4.905000e-02
1.560000	5.000000e-03	4.500000e-02	5.000000e-02
1.570000	5.000000e-03	4.500000e-02	5.000000e-02
1.580000	5.000000e-03	4.500000e-02	5.000000e-02
1.590000	5.000000e-03	4.500000e-02	5.000000e-02
1.600000	6.050000e-03	4.500000e-02	5.105000e-02
1.610000	6.050000e-03	4.500000e-02	5.105000e-02
1.620000	6.050000e-03	4.205000e-02	4.810000e-02
1.630000	7.200000e-03	4.205000e-02	4.925000e-02
1.640000	7.200000e-03	4.205000e-02	4.925000e-02
1.650000	7.200000e-03	4.205000e-02	4.925000e-02
1.660000	7.200000e-03	4.205000e-02	4.925000e-02
1.670000	8.450000e-03	4.205000e-02	5.050000e-02
1.680000	8.450000e-03	4.205000e-02	5.050000e-02
1.690000	8.450000e-03	4.205000e-02	5.050000e-02
1.700000	9.800000e-03	3.920000e-02	4.900000e-02
1.710000	9.800000e-03	3.920000e-02	4.900000e-02
1.720000	9.800000e-03	3.920000e-02	4.900000e-02
1.730000	9.800000e-03	3.920000e-02	4.900000e-02
1.740000	1.125000e-02	3.920000e-02	5.045000e-02
1.750000	1.125000e-02	3.920000e-02	5.045000e-02
1.760000	1.125000e-02	3.920000e-02	5.045000e-02
1.770000	1.280000e-02	3.645000e-02	4.925000e-02
1.780000	1.280000e-02	3.645000e-02	4.925000e-02
1.790000	1.280000e-02	3.645000e-02	4.925000e-02
1.800000	1.280000e-02	3.645000e-02	4.925000e-02
1.810000	1.445000e-02	3.645000e-02	5.090000e-02
1.820000	1.445000e-02	3.645000e-02	5.090000e-02
1.830000	1.445000e-02	3.380000e-02	4.825000e-02
1.840000	1.445000e-02	3.380000e-02	4.825000e-02
1.850000	1.620000e-02	3.380000e-02	5.000000e-02
1.860000	1.620000e-02	3.380000e-02	5.000000e-02
1.870000	1.620000e-02	3.380000e-02	5.000000e-02
1.880000	1.805000e-02	3.125000e-02	4.930000e-02
1.890000	1.805000e-02	3.125000e-02	4.930000e-02
1.900000	1.805000e-02	3.125000e-02	4.930000e-02
1.910000	1.805000e-02	3.125000e-02	4.930000e-02
1.920000	2.000000e-02	3.125000e-02	5.125000e-02
1.930000	2.000000e-02	3.125000e-02	5.125000e-02
1.940000	2.000000e-02	2.880000e-02	4.880000e-02
1.950000	2.000000e-02	2.880000e-02	4.880000e-02
1.960000	2.000000e-02	2.880000e-02	4.880000e-02
1.970000	2.205000e-02	2.880000e-02	5.085000e-02
1.980000	2.205000e-02	2.645000e-02	4.850000e-02
1.990000	2.205000e-02	2.645000e-02	4.850000e-02
2.000000	2.205000e-02	2.645000e-02	4.850000e-02
2.010000	2.420000e-02	2.645000e-02	5.065000e-02
2.020000	2.420000e-02	2.645000e-02	5.065000e-02
2.030000	2.420000e-02	2.420000e-02	4.840000e-02
2.040000	2.420000e-02	2.420000e-02	4.840000e-02
2.050000	2.645000e-02	2.420000e-02	5.065000e-02
2.060000	2.645000e-02	2.420000e-02	5.065000e-02
2.070000	2.645000e-02	2.420000e-02	5.065000e-02
2.080000	2.645000e-02	2.205000e-02	4.850000e-02
2.090000	2.645000e-02	2.205000e-02	4.850000e-02
2.100000	2.880000e-02	2.205000e-02	5.085000e-02
2.110000	2.880000e-02	2.205000e-02	5.085000e-02
2.120000	2.880000e-02	2.000000e-02	4.880000e-02
2.130000	2.880000e-02	2.000000e-02	4.880000e-02
2.140000	2.880000e-02	2.000000e-02	4.880000e-02
2.150000	3.125000e-02	2.000000e-02	5.125000e-02
2.160000	3.125000e-02	1.805000e-02	4.930000e-02
2.170000	3.125000e-02	1.805000e-02	4.930000e-02
2.180000	3.125000e-02	1.805000e-02	4.930000e-02
2.190000	3.125000e-02	1.805000e-02	4.930000e-02
2.200000	3.380000e-02	1.620000e-02	5.000000e-02
2.210000	3.380000e-02	1.620000e-02	5.000000e-02
2.220000	3.380000e-02	1.620000e-02	5.000000e-02
2.230000	3.380000e-02	1.620000e-02	5.000000e-02
2.240000	3.380000e-02	1.445000e-02	4.825000e-02
2.250000	3.645000e-02	1.445000e-02	5.090000e-02
2.260000	3.645000e-02	1.445000e-02	5.090000e-02
2.270000	3.645000e-02	1.280000e-02	4.925000e-02
2.280000	3.645000e-02	1.280000e-02	4.925000e-02
2.290000	3.645000e-02	1.280000e-02	4.925000e-02
2.300000	3.645000e-02	1.280000e-02	4.925000e-02
2.310000	3.645000e-02	1.125000e-02	4.770000e-02
2.320000	3.920000e-02	1.125000e-02	5.045000e-02
2.330000	3.920000e-02	1.125000e-02	5.045000e-02
2.340000	3.920000e-02	1.125000e-02	5.045000e-02
2.350000	3.920000e-02	9.800000e-03	4.900000e-02
2.360000	3.920000e-02	9.800000e-03	4.900000e-02
2.370000	3.920000e-02	9.800000e-03	4.900000e-02
2.380000	4.205000e-02	8.450000e-03	5.050000e-02
2.390000	4.205000e-02	8.450000e-03	5.050000e-02
2.400000	4.205000e-02	8.450000e-03	5.050000e-02
2.410000	4.205000e-02	8.450000e-03	5.050000e-02
2.420000	4.205000e-02	7.200000e-03	4.925000e-02
2.430000	4.205000e-02	7.200000e-03	4.925000e-02
2.440000	4.205000e-02	7.200000e-03	4.925000e-02
2.450000	4.205000e-02	6.050000e-03	4.810000e-02
2.460000	4.500000e-02	6.050000e-03	5.105000e-02
2.470000	4.500000e-02	6.050000e-03	5.105000e-02
2.480000	4.500000e-02	6.050000e-03	5.105000e-02
2.490000	4.500000e-02	5.000000e-03	5.000000e-02
2.500000	4.500000e-02	5.000000e-03	5.000000e-02
2.510000	4.500000e-02	5.000000e-03	5.000000e-02
2.520000	4.500000e-02	4.050000e-03	4.905000e-02
2.530000	4.500000e-02	4.050000e-03	4.905000e-02
2.540000	4.500000e-02	4.050000e-03	4.905000e-02
2.550000	4.500000e-02	3.200000e-03	4.820000e-02
2.560000	4.500000e-02	3.200000e-03	4.820000e-02
2.570000	4.805000e-02	3.200000e-03	5.125000e-02
2.580000	4.805000e-02	2.450000e-03	5.050000e-02
2.590000	4.805000e-02	2.450000e-03	5.050000e-02
2.600000	4.805000e-02	2.450000e-03	5.050000e-02
2.610000	4.805000e-02	2.450000e-03	5.050000e-02
2.620000	4.805000e-02	1.800000e-03	4.985000e-02
2.630000	4.805000e-02	1.800000e-03	4.985000e-02
2.640000	4.805000e-02	1.800000e-03	4.985000e-02
2.650000	4.805000e-02	1.250000e-03	4.930000e-02
2.660000	4.805000e-02	1.250000e-03	4.930000e-02
2.670000	4.805000e-02	1.250000e-03	4.930000e-02
2.680000	4.805000e-02	8.000000e-04	4.885000e-02
2.690000	4.805000e-02	8.000000e-04	4.885000e-02
2.700000	4.805000e-02	8.000000e-04	4.885000e-02
2.710000	4.805000e-02	4.500000e-04	4.850000e-02
2.720000	4.805000e-02	4.500000e-04	4.850000e-02
2.730000	4.805000e-02	4.500000e-04	4.850000e-02
2.740000	4.805000e-02	4.500000e-04	4.850000e-02
2.750000	4.805000e-02	2.000000e-04	4.825000e-02
2.760000	5.120000e-02	2.000000e-04	5.140000e-02
2.770000	5.120000e-02	2.000000e-04	5.140000e-02
2.780000	5.120000e-02	5.000000e-05	5.125000e-02
2.790000	5.120000e-02	5.000000e-05	5.125000e-02
2.800000	5.120000e-02	5.000000e-05	5.125000e-02
2.810000	5.120000e-02	0.000000e+00	5.120000e-02
2.820000	5.120000e-02	0.000000e+00	5.120000e-02
2.830000	5.120000e-02	0.000000e+00	5.120000e-02
2.840000	5.120000e-02	5.000000e-05	5.125000e-02
2.850000	5.120000e-02	5.000000e-05	5.125000e-02
2.860000	5.120000e-02	5.000000e-05	5.125000e-02
2.870000	5.120000e-02	2.000000e-04	5.140000e-02
2.880000	5.120000e-02	2.000000e-04	5.140000e-02
2.890000	5.120000e-02	2.000000e-04	5.140000e-02
2.900000	4.805000e-02	4.500000e-04	4.850000e-02
2.910000	4.805000e-02	4.500000e-04	4.850000e-02
2.920000	4.805000e-02	4.500000e-04	4.850000e-02
2.930000	4.805000e-02	4.500000e-04	4.850000e-02
2.940000	4.805000e-02	8.000000e-04	4.885000e-02
2.950000	4.805000e-02	8.000000e-04	4.885000e-02
2.960000	4.805000e-02	8.000000e-04	4.885000e-02
2.970000	4.805000e-02	1.250000e-03	4.930000e-02
2.980000	4.805000e-02	1.250000e-03	4.930000e-02
2.990000	4.805000e-02	1.250000e-03	4.930000e-02
3.000000	4.805000e-02	1.800000e-03	4.985000e-02
3.010000	4.805000e-02	1.800000e-03	4.985000e-02
3.020000	4.805000e-02	1.800000e-03	4.985000e-02
3.030000	4.805000e-02	2.450000e-03	5.050000e-02
3.040000	4.805000e-02	2.450000e-03	5.050000e-02
3.050000	4.805000e-02	2.450000e-03	5.050000e-02
3.060000	4.805000e-02	3.200000e-03	5.125000e-02
3.070000	4.805000e-02	3.200000e-03	5.125000e-02
3.080000	4.805000e-02	3.200000e-03	5.125000e-02
3.090000	4.500000e-02	3.200000e-03	4.820000e-02
3.100000	4.500000e-02	4.050000e-03	4.905000e-02
3.110000	4.500000e-02	4.050000e-03	4.905000e-02
3.120000	4.500000e-02	4.050000e-03	4.905000e-02
3.130000	4.500000e-02	5.000000e-03	5.000000e-02
3.140000	4.500000e-02	5.000000e-03	5.000000e-02
3.150000	4.500000e-02	5.000000e-03	5.000000e-02
3.160000	4.500000e-02	6.050000e-03	5.105000e-02
3.170000	4.500000e-02	6.050000e-03	5.105000e-02
3.180000	4.500000e-02	6.050000e-03	5.105000e-02
3.190000	4.205000e-02	6.050000e-03	4.810000e-02
3.200000	4.205000e-02	7.200000e-03	4.925000e-02
3.210000	4.205000e-02	7.200000e-03	4.925000e-02
3.220000	4.205000e-02	7.200000e-03	4.925000e-02
3.230000	4.205000e-02	8.450000e-03	5.050000e-02
3.240000	4.205000e-02	8.450000e-03	5.050000e-02
3.250000	4.205000e-02	8.450000e-03	5.050000e-02
3.260000	4.205000e-02	8.450000e-03	5.050000e-02
3.270000	3.920000e-02	9.800000e-03	4.900000e-02
3.280000	3.920000e-02	9.800000e-03	4.900000e-02
3.290000	3.920000e-02	9.800000e-03	4.900000e-02
3.300000	3.920000e-02	1.125000e-02	5.045000e-02
3.310000	3.920000e-02	1.125000e-02	5.045000e-02
3.320000	3.920000e-02	1.125000e-02	5.045000e-02
3.330000	3.920000e-02	1.125000e-02	5.045000e-02
3.340000	3.645000e-02	1.280000e-02	4.925000e-02
3.350000	3.645000e-02	1.280000e-02	4.925000e-02
3.360000	3.645000e-02	1.280000e-02	4.925000e-02
3.370000	3.645000e-02	1.445000e-02	5.090000e-02
3.380000	3.645000e-02	1.445000e-02	5.090000e-02
3.390000	3.645000e-02	1.445000e-02	5.090000e-02
3.400000	3.380000e-02	1.445000e-02	4.825000e-02
3.410000	3.380000e-02	1.620000e-02	5.000000e-02
3.420000	3.380000e-02	1.620000e-02	5.000000e-02
3.430000	3.380000e-02	1.620000e-02	5.000000e-02
3.440000	3.380000e-02	1.620000e-02	5.000000e-02
3.450000	3.380000e-02	1.805000e-02	5.185000e-02
3.460000	3.125000e-02	1.805000e-02	4.930000e-02
3.470000	3.125000e-02	1.805000e-02	4.930000e-02
3.480000	3.125000e-02	1.805000e-02	4.930000e-02
3.490000	3.125000e-02	2.000000e-02	5.125000e-02
3.500000	3.125000e-02	2.000000e-02	5.125000e-02
3.510000	2.880000e-02	2.000000e-02	4.880000e-02
3.520000	2.880000e-02	2.000000e-02	4.880000e-02
3.530000	2.880000e-02	2.205000e-02	5.085000e-02
3.540000	2.880000e-02	2.205000e-02	5.085000e-02
3.550000	2.880000e-02	2.205000e-02	5.085000e-02
3.560000	2.645000e-02	2.205000e-02	4.850000e-02
3.570000	2.645000e-02	2.420000e-02	5.065000e-02
3.580000	2.645000e-02	2.420000e-02	5.065000e-02
3.590000	2.645000e-02	2.420000e-02	5.065000e-02
3.600000	2.645000e-02	2.420000e-02	5.065000e-02
3.610000	2.420000e-02	2.420000e-02	4.840000e-02
3.620000	2.420000e-02	2.645000e-02	5.065000e-02
3.630000	2.420000e-02	2.645000e-02	5.065000e-02
3.640000	2.420000e-02	2.645000e-02	5.065000e-02
3.650000	2.205000e-02	2.645000e-02	4.850000e-02
3.660000	2.205000e-02	2.880000e-02	5.085000e-02
3.670000	2.205000e-02	2.880000e-02	5.085000e-02
3.680000	2.205000e-02	2.880000e-02	5.085000e-02
3.690000	2.000000e-02	2.880000e-02	4.880000e-02
3.700000	2.000000e-02	2.880000e-02	4.880000e-02
3.710000	2.000000e-02	3.125000e-02	5.125000e-02
3.720000	2.000000e-02	3.125000e-02	5.125000e-02
3.730000	1.805000e-02	3.125000e-02	4.930000e-02
3.740000	1.805000e-02	3.125000e-02	4.930000e-02
3.750000	1.805000e-02	3.125000e-02	4.930000e-02
3.760000	1.805000e-02	3.380000e-02	5.185000e-02
3.770000	1.620000e-02	3.380000e-02	5.000000e-02
3.780000	1.620000e-02	3.380000e-02	5.000000e-02
3.790000	1.620000e-02	3.380000e-02	5.000000e-02
3.800000	1.620000e-02	3.380000e-02	5.000000e-02
3.810000	1.445000e-02	3.380000e-02	4.825000e-02
3.820000	1.445000e-02	3.645000e-02	5.090000e-02
3.830000	1.445000e-02	3.645000e-02	5.090000e-02
3.840000	1.445000e-02	3.645000e-02	5.090000e-02
3.850000	1.280000e-02	3.645000e-02	4.925000e-02
3.860000	1.280000e-02	3.645000e-02	4.925000e-02
3.870000	1.280000e-02	3.645000e-02	4.925000e-02
3.880000	1.280000e-02	3.920000e-02	5.200000e-02
3.890000	1.125000e-02	3.920000e-02	5.045000e-02
3.900000	1.125000e-02	3.920000e-02	5.045000e-02
3.910000	1.125000e-02	3.920000e-02	5.045000e-02
3.920000	9.800000e-03	3.920000e-02	4.900000e-02
3.930000	9.800000e-03	3.920000e-02	4.900000e-02
3.940000	9.800000e-03	3.920000e-02	4.900000e-02
3.950000	9.800000e-03	4.205000e-02	5.185000e-02
3.960000	8.450000e-03	4.205000e-02	5.050000e-02
3.970000	8.450000e-03	4.205000e-02	5.050000e-02
3.980000	8.450000e-03	4.205000e-02	5.050000e-02
3.990000	7.200000e-03	4.205000e-02	4.925000e-02
4.000000	7.200000e-03	4.205000e-02	4.925000e-02
4.010000	7.200000e-03	4.205000e-02	4.925000e-02
4.020000	7.200000e-03	4.205000e-02	4.925000e-02
4.030000	6.050000e-03	4.500000e-02	5.105000e-02
4.040000	6.050000e-03	4.500000e-02	5.105000e-02
4.050000	6.050000e-03	4.500000e-02	5.105000e-02
4.060000	5.000000e-03	4.500000e-02	5.000000e-02
4.070000	5.000000e-03	4.500000e-02	5.000000e-02
4.080000	5.000000e-03	4.500000e-02	5.000000e-02
4.090000	4.050000e-03	4.500000e-02	4.905000e-02
4.100000	4.050000e-03	4.500000e-02	4.905000e-02
4.110000	4.050000e-03	4.500000e-02	4.905000e-02
4.120000	4.050000e-03	4.500000e-02	4.905000e-02
4.130000	3.200000e-03	4.805000e-02	5.125000e-02
4.140000	3.200000e-03	4.805000e-02	5.125000e-02
4.150000	3.200000e-03	4.805000e-02	5.125000e-02
4.160000	2.450000e-03	4.805000e-02	5.050000e-02
4.170000	2.450000e-03	4.805000e-02	5.050000e-02
4.180000	2.450000e-03	4.805000e-02	5.050000e-02
4.190000	1.800000e-03	4.805000e-02	4.985000e-02
4.200000	1.800000e-03	4.805000e-02	4.985000e-02
4.210000	1.800000e-03	4.805000e-02	4.985000e-02
4.220000	1.800000e-03	4.805000e-02	4.985000e-02
4.230000	1.250000e-03	4.805000e-02	4.930000e-02
4.240000	1.250000e-03	4.805000e-02	4.930000e-02
4.250000	1.250000e-03	4.805000e-02	4.930000e-02
4.260000	8.000000e-04	4.805000e-02	4.885000e-02
4.270000	8.000000e-04	4.805000e-02	4.885000e-02
4.280000	8.000000e-04	4.805000e-02	4.885000e-02
4.290000	4.500000e-04	4.805000e-02	4.850000e-02
4.300000	4.500000e-04	4.805000e-02	4.850000e-02
4.310000	4.500000e-04	4.805000e-02	4.850000e-02
4.320000	2.000000e-04	4.805000e-02	4.825000e-02
4.330000	2.000000e-04	5.120000e-02	5.140000e-02
4.340000	2.000000e-04	5.120000e-02	5.140000e-02
4.350000	5.000000e-05	5.120000e-02	5.125000e-02
4.360000	5.000000e-05	5.120000e-02	5.125000e-02
4.370000	5.000000e-05	5.120000e-02	5.125000e-02
4.380000	0.000000e+00	5.120000e-02	5.120000e-02
4.390000	0.000000e+00	5.120000e-02	5.120000e-02
4.400000	0.000000e+00	5.120000e-02	5.120000e-02
4.410000	0.000000e+00	5.120000e-02	5.120000e-02
4.420000	5.000000e-05	5.120000e-02	5.125000e-02
4.430000	5.000000e-05	5.120000e-02	5.125000e-02
4.440000	5.000000e-05	5.120000e-02	5.125000e-02
4.450000	2.000000e-04	5.120000e-02	5.140000e-02
4.460000	2.000000e-04	4.805000e-02	4.825000e-02
4.470000	2.000000e-04	4.805000e-02	4.825000e-02
4.480000	4.500000e-04	4.805000e-02	4.850000e-02
4.490000	4.500000e-04	4.805000e-02	4.850000e-02
4.500000	4.500000e-04	4.805000e-02	4.850000e-02
4.510000	8.000000e-04	4.805000e-02	4.885000e-02
4.520000	8.000000e-04	4.805000e-02	4.885000e-02
4.530000	8.000000e-04	4.805000e-02	4.885000e-02
4.540000	1.250000e-03	4.805000e-02	4.930000e-02
4.550000	1.250000e-03	4.805000e-02	4.930000e-02
4.560000	1.250000e-03	4.805000e-02	4.930000e-02
4.570000	1.250000e-03	4.805000e-02	4.930000e-02
4.580000	1.800000e-03	4.805000e-02	4.985000e-02
4.590000	1.800000e-03	4.805000e-02	4.985000e-02
4.600000	1.800000e-03	4.805000e-02	4.985000e-02
4.610000	2.450000e-03	4.805000e-02	5.050000e-02
4.620000	2.450000e-03	4.805000e-02	5.050000e-02
4.630000	2.450000e-03	4.805000e-02	5.050000e-02
4.640000	3.200000e-03	4.805000e-02	5.125000e-02
4.650000	3.200000e-03	4.805000e-02	5.125000e-02
4.660000	3.200000e-03	4.500000e-02	4.820000e-02
4.670000	4.050000e-03	4.500000e-02	4.905000e-02
4.680000	4.050000e-03	4.500000e-02	4.905000e-02
4.690000	4.050000e-03	4.500000e-02	4.905000e-02
4.700000	4.050000e-03	4.500000e-02	4.905000e-02
4.710000	5.000000e-03	4.500000e-02	5.000000e-02
4.720000	5.000000e-03	4.500000e-02	5.000000e-02
4.730000	5.000000e-03	4.500000e-02	5.000000e-02
4.740000	6.050000e-03	4.500000e-02	5.105000e-02
4.750000	6.050000e-03	4.500000e-02	5.105000e-02
4.760000	6.050000e-03	4.205000e-02	4.810000e-02
4.770000	7.200000e-03	4.205000e-02	4.925000e-02
4.780000	7.200000e-03	4.205000e-02	4.925000e-02
4.790000	7.200000e-03	4.205000e-02	4.925000e-02
4.800000	7.200000e-03	4.205000e-02	4.925000e-02
4.810000	8.450000e-03	4.205000e-02	5.050000e-02
4.820000	8.450000e-03	4.205000e-02	5.050000e-02
4.830000	8.450000e-03	4.205000e-02	5.050000e-02
4.840000	9.800000e-03	3.920000e-02	4.900000e-02
4.850000	9.800000e-03	3.920000e-02	4.900000e-02
4.860000	9.800000e-03	3.920000e-02	4.900000e-02
4.870000	9.800000e-03	3.920000e-02	4.900000e-02
4.880000	1.125000e-02	3.920000e-02	5.045000e-02
4.890000	1.125000e-02	3.920000e-02	5.045000e-02
4.900000	1.125000e-02	3.920000e-02	5.045000e-02
4.910000	1.280000e-02	3.645000e-02	4.925000e-02
4.920000	1.280000e-02	3.645000e-02	4.925000e-02
4.930000	1.280000e-02	3.645000e-02	4.925000e-02
4.940000	1.280000e-02	3.645000e-02	4.925000e-02
4.950000	1.445000e-02	3.645000e-02	5.090000e-02
4.960000	1.445000e-02	3.645000e-02	5.090000e-02
4.970000	1.445000e-02	3.380000e-02	4.825000e-02
4.980000	1.445000e-02	3.380000e-02	4.825000e-02
4.990000	1.620000e-02	3.380000e-02	5.000000e-02
5.000000	1.620000e-02	3.380000e-02	5.000000e-02
5.010000	1.620000e-02	3.380000e-02	5.000000e-02
5.020000	1.620000e-02	3.380000e-02	5.000000e-02
5.030000	1.805000e-02	3.125000e-02	4.930000e-02
5.040000	1.805000e-02	3.125000e-02	4.930000e-02
5.050000	1.805000e-02	3.125000e-02	4.930000e-02
5.060000	1.805000e-02	3.125000e-02	4.930000e-02
5.070000	2.000000e-02	3.125000e-02	5.125000e-02
5.080000	2.000000e-02	2.880000e-02	4.880000e-02
5.090000	2.000000e-02	2.880000e-02	4.880000e-02
5.100000	2.000000e-02	2.880000e-02	4.880000e-02
5.110000	2.205000e-02	2.880000e-02	5.085000e-02
5.120000	2.205000e-02	2.880000e-02	5.085000e-02
5.130000	2.205000e-02	2.645000e-02	4.850000e-02
5.140000	2.205000e-02	2.645000e-02	4.850000e-02
5.150000	2.420000e-02	2.645000e-02	5.065000e-02
5.160000	2.420000e-02	2.645000e-02	5.065000e-02
5.170000	2.420000e-02	2.420000e-02	4.840000e-02
5.180000	2.420000e-02	2.420000e-02	4.840000e-02
5.190000	2.645000e-02	2.420000e-02	5.065000e-02
5.200000	2.645000e-02	2.420000e-02	5.065000e-02
5.210000	2.645000e-02	2.420000e-02	5.065000e-02
5.220000	2.645000e-02	2.205000e-02	4.850000e-02
5.230000	2.645000e-02	2.205000e-02	4.850000e-02
5.240000	2.880000e-02	2.205000e-02	5.085000e-02
5.250000	2.880000e-02	2.205000e-02	5.085000e-02
5.260000	2.880000e-02	2.000000e-02	4.880000e-02
5.270000	2.880000e-02	2.000000e-02	4.880000e-02
5.280000	2.880000e-02	2.000000e-02	4.880000e-02
5.290000	3.125000e-02	2.000000e-02	5.125000e-02
5.300000	3.125000e-02	1.805000e-02	4.930000e-02
5.310000	3.125000e-02	1.805000e-02	4.930000e-02
5.320000	3.125000e-02	1.805000e-02	4.930000e-02
5.330000	3.125000e-02	1.805000e-02	4.930000e-02
5.340000	3.380000e-02	1.620000e-02	5.000000e-02
5.350000	3.380000e-02	1.620000e-02	5.000000e-02
5.360000	3.380000e-02	1.620000e-02	5.000000e-02
5.370000	3.380000e-02	1.620000e-02	5.000000e-02
5.380000	3.380000e-02	1.445000e-02	4.825000e-02
5.390000	3.380000e-02	1.445000e-02	4.825000e-02
5.400000	3.645000e-02	1.445000e-02	5.090000e-02
5.410000	3.645000e-02	1.445000e-02	5.090000e-02
5.420000	3.645000e-02	1.280000e-02	4.925000e-02
5.430000	3.645000e-02	1.280000e-02	4.925000e-02
5.440000	3.645000e-02	1.280000e-02	4.925000e-02
5.450000	3.645000e-02	1.125000e-02	4.770000e-02
5.460000	3.920000e-02	1.125000e-02	5.045000e-02
5.470000	3.920000e-02	1.125000e-02	5.045000e-02
5.480000	3.920000e-02	1.125000e-02	5.045000e-02
5.490000	3.920000e-02	9.800000e-03	4.900000e-02
5.500000	3.920000e-02	9.800000e-03	4.900000e-02
5.510000	3.920000e-02	9.800000e-03	4.900000e-02
5.520000	3.920000e-02	8.450000e-03	4.765000e-02
5.530000	4.205000e-02	8.450000e-03	5.050000e-02
5.540000	4.205000e-02	8.450000e-03	5.050000e-02
5.550000	4.205000e-02	8.450000e-03	5.050000e-02
5.560000	4.205000e-02	7.200000e-03	4.925000e-02
5.570000	4.205000e-02	7.200000e-03	4.925000e-02
5.580000	4.205000e-02	7.200000e-03	4.925000e-02
5.590000	4.205000e-02	6.050000e-03	4.810000e-02
5.600000	4.205000e-02	6.050000e-03	4.810000e-02
5.610000	4.500000e-02	6.050000e-03	5.105000e-02
5.620000	4.500000e-02	6.050000e-03	5.105000e-02
5.630000	4.500000e-02	5.000000e-03	5.000000e-02
5.640000	4.500000e-02	5.000000e-03	5.000000e-02
5.650000	4.500000e-02	5.000000e-03	5.000000e-02
5.660000	4.500000e-02	4.050000e-03	4.905000e-02
5.670000	4.500000e-02	4.050000e-03	4.905000e-02
5.680000	4.500000e-02	4.050000e-03	4.905000e-02
5.690000	4.500000e-02	3.200000e-03	4.820000e-02
5.700000	4.500000e-02	3.200000e-03	4.820000e-02
5.710000	4.805000e-02	3.200000e-03	5.125000e-02
5.720000	4.805000e-02	3.200000e-03	5.125000e-02
5.730000	4.805000e-02	2.450000e-03	5.050000e-02
5.740000	4.805000e-02	2.450000e-03	5.050000e-02
5.750000	4.805000e-02	2.450000e-03	5.050000e-02
5.760000	4.805000e-02	1.800000e-03	4.985000e-02
5.770000	4.805000e-02	1.800000e-03	4.985000e-02
5.780000	4.805000e-02	1.800000e-03	4.985000e-02
5.790000	4.805000e-02	1.250000e-03	4.930000e-02
5.800000	4.805000e-02	1.250000e-03	4.930000e-02
5.810000	4.805000e-02	1.250000e-03	4.930000e-02
5.820000	4.805000e-02	8.000000e-04	4.885000e-02
5.830000	4.805000e-02	8.000000e-04	4.885000e-02
5.840000	4.805000e-02	8.000000e-04	4.885000e-02
5.850000	4.805000e-02	4.500000e-04	4.850000e-02
5.860000	4.805000e-02	4.500000e-04	4.850000e-02
5.870000	4.805000e-02	4.500000e-04	4.850000e-02
5.880000	4.805000e-02	4.500000e-04	4.850000e-02
5.890000	4.805000e-02	2.000000e-04	4.825000e-02
5.900000	5.120000e-02	2.000000e-04	5.140000e-02
5.910000	5.120000e-02	2.000000e-04	5.140000e-02
5.920000	5.120000e-02	5.000000e-05	5.125000e-02
5.930000	5.120000e-02	5.000000e-05	5.125000e-02
5.940000	5.120000e-02	5.000000e-05	5.125000e-02
5.950000	5.120000e-02	0.000000e+00	5.120000e-02
5.960000	5.120000e-02	0.000000e+00	5.120000e-02
5.970000	5.120000e-02	0.000000e+00	5.120000e-02
5.980000	5.120000e-02	5.000000e-05	5.125000e-02
5.990000	5.120000e-02	5.000000e-05	5.125000e-02
6.000000	5.120000e-02	5.000000e-05	5.125000e-02
6.010000	5.120000e-02	2.000000e-04	5.140000e-02
6.020000	5.120000e-02	2.000000e-04	5.140000e-02
6.030000	5.120000e-02	2.000000e-04	5.140000e-02
6.040000	4.805000e-02	2.000000e-04	4.825000e-02
6.050000	4.805000e-02	4.500000e-04	4.850000e-02
6.060000	4.805000e-02	4.500000e-04	4.850000e-02
6.070000	4.805000e-02	4.500000e-04	4.850000e-02
6.080000	4.805000e-02	8.000000e-04	4.885000e-02
6.090000	4.805000e-02	8.000000e-04	4.885000e-02
6.100000	4.805000e-02	8.000000e-04	4.885000e-02
6.110000	4.805000e-02	1.250000e-03	4.930000e-02
6.120000	4.805000e-02	1.250000e-03	4.930000e-02
6.130000	4.805000e-02	1.250000e-03	4.930000e-02
6.140000	4.805000e-02	1.800000e-03	4.985000e-02
6.150000	4.805000e-02	1.800000e-03	4.985000e-02
6.160000	4.805000e-02	1.800000e-03	4.985000e-02
6.170000	4.805000e-02	2.450000e-03	5.050000e-02
6.180000	4.805000e-02	2.450000e-03	5.050000e-02
6.190000	4.805000e-02	2.450000e-03	5.050000e-02
6.200000	4.805000e-02	2.450000e-03	5.050000e-02
6.210000	4.805000e-02	3.200000e-03	5.125000e-02
6.220000	4.805000e-02	3.200000e-03	5.125000e-02
6.230000	4.500000e-02	3.200000e-03	4.820000e-02
6.240000	4.500000e-02	4.050000e-03	4.905000e-02
6.250000	4.500000e-02	4.050000e-03	4.905000e-02
6.260000	4.500000e-02	4.050000e-03	4.905000e-02
6.270000	4.500000e-02	5.000000e-03	5.000000e-02
6.280000	4.500000e-02	5.000000e-03	5.000000e-02
6.290000	4.500000e-02	5.000000e-03	5.000000e-02
6.300000	4.500000e-02	6.050000e-03	5.105000e-02
6.310000	4.500000e-02	6.050000e-03	5.105000e-02
6.320000	4.500000e-02	6.050000e-03	5.105000e-02
6.330000	4.500000e-02	6.050000e-03	5.105000e-02
6.340000	4.205000e-02	7.200000e-03	4.925000e-02
6.350000	4.205000e-02	7.200000e-03	4.925000e-02
6.360000	4.205000e-02	7.200000e-03	4.925000e-02
6.370000	4.205000e-02	8.450000e-03	5.050000e-02
6.380000	4.205000e-02	8.450000e-03	5.050000e-02
6.390000	4.205000e-02	8.450000e-03	5.050000e-02
6.400000	4.205000e-02	8.450000e-03	5.050000e-02
6.410000	4.205000e-02	9.800000e-03	5.185000e-02
6.420000	3.920000e-02	9.800000e-03	4.900000e-02
6.430000	3.920000e-02	9.800000e-03	4.900000e-02
6.440000	3.920000e-02	1.125000e-02	5.045000e-02
6.450000	3.920000e-02	1.125000e-02	5.045000e-02
6.460000	3.920000e-02	1.125000e-02	5.045000e-02
6.470000	3.920000e-02	1.125000e-02	5.045000e-02
6.480000	3.645000e-02	1.280000e-02	4.925000e-02
6.490000	3.645000e-02	1.280000e-02	4.925000e-02
6.500000	3.645000e-02	1.280000e-02	4.925000e-02
6.510000	3.645000e-02	1.280000e-02	4.925000e-02
6.520000	3.645000e-02	1.445000e-02	5.090000e-02
6.530000	3.645000e-02	1.445000e-02	5.090000e-02
6.540000	3.645000e-02	1.445000e-02	5.090000e-02
6.550000	3.380000e-02	1.620000e-02	5.000000e-02
6.560000	3.380000e-02	1.620000e-02	5.000000e-02
6.570000	3.380000e-02	1.620000e-02	5.000000e-02
6.580000	3.380000e-02	1.620000e-02	5.000000e-02
6.590000	3.380000e-02	1.805000e-02	5.185000e-02
6.600000	3.125000e-02	1.805000e-02	4.930000e-02
6.610000	3.125000e-02	1.805000e-02	4.930000e-02
6.620000	3.125000e-02	1.805000e-02	4.930000e-02
6.630000	3.125000e-02	2.000000e-02	5.125000e-02
6.640000	3.125000e-02	2.000000e-02	5.125000e-02
6.650000	2.880000e-02	2.000000e-02	4.880000e-02
6.660000	2.880000e-02	2.000000e-02	4.880000e-02
6.670000	2.880000e-02	2.205000e-02	5.085000e-02
6.680000	2.880000e-02	2.205000e-02	5.085000e-02
6.690000	2.880000e-02	2.205000e-02	5.085000e-02
6.700000	2.645000e-02	2.205000e-02	4.850000e-02
6.710000	2.645000e-02	2.420000e-02	5.065000e-02
6.720000	2.645000e-02	2.420000e-02	5.065000e-02
6.730000	2.645000e-02	2.420000e-02	5.065000e-02
6.740000	2.645000e-02	2.420000e-02	5.065000e-02
6.750000	2.420000e-02	2.420000e-02	4.840000e-02
6.760000	2.420000e-02	2.645000e-02	5.065000e-02
6.770000	2.420000e-02	2.645000e-02	5.065000e-02
6.780000	2.420000e-02	2.645000e-02	5.065000e-02
6.790000	2.205000e-02	2.645000e-02	4.850000e-02
6.800000	2.205000e-02	2.645000e-02	4.850000e-02
6.810000	2.205000e-02	2.880000e-02	5.085000e-02
6.820000	2.205000e-02	2.880000e-02	5.085000e-02
6.830000	2.205000e-02	2.880000e-02	5.085000e-02
6.840000	2.000000e-02	2.880000e-02	4.880000e-02
6.850000	2.000000e-02	3.125000e-02	5.125000e-02
6.860000	2.000000e-02	3.125000e-02	5.125000e-02
6.870000	2.000000e-02	3.125000e-02	5.125000e-02
6.880000	1.805000e-02	3.125000e-02	4.930000e-02
6.890000	1.805000e-02	3.125000e-02	4.930000e-02
6.900000	1.805000e-02	3.125000e-02	4.930000e-02
6.910000	1.805000e-02	3.380000e-02	5.185000e-02
6.920000	1.620000e-02	3.380000e-02	5.000000e-02
6.930000	1.620000e-02	3.380000e-02	5.000000e-02
6.940000	1.620000e-02	3.380000e-02	5.000000e-02
6.950000	1.445000e-02	3.380000e-02	4.825000e-02
6.960000	1.445000e-02	3.645000e-02	5.090000e-02
6.970000	1.445000e-02	3.645000e-02	5.090000e-02
6.980000	1.445000e-02	3.645000e-02	5.090000e-02
6.990000	1.280000e-02	3.645000e-02	4.925000e-02
7.000000	1.280000e-02	3.645000e-02	4.925000e-02
7.010000	1.280000e-02	3.645000e-02	4.925000e-02
7.020000	1.280000e-02	3.920000e-02	5.200000e-02
7.030000	1.125000e-02	3.920000e-02	5.045000e-02
7.040000	1.125000e-02	3.920000e-02	5.045000e-02
7.050000	1.125000e-02	3.920000e-02	5.045000e-02
7.060000	9.800000e-03	3.920000e-02	4.900000e-02
7.070000	9.800000e-03	3.920000e-02	4.900000e-02
7.080000	9.800000e-03	3.920000e-02	4.900000e-02
7.090000	9.800000e-03	4.205000e-02	5.185000e-02
7.100000	8.450000e-03	4.205000e-02	5.050000e-02
7.110000	8.450000e-03	4.205000e-02	5.050000e-02
7.120000	8.450000e-03	4.205000e-02	5.050000e-02
7.130000	7.200000e-03	4.205000e-02	4.925000e-02
7.140000	7.200000e-03	4.205000e-02	4.925000e-02
7.150000	7.200000e-03	4.205000e-02	4.925000e-02
7.160000	7.200000e-03	4.205000e-02	4.925000e-02
7.170000	6.050000e-03	4.500000e-02	5.105000e-02
7.180000	6.050000e-03	4.500000e-02	5.105000e-02
7.190000	6.050000e-03	4.500000e-02	5.105000e-02
7.200000	5.000000e-03	4.500000e-02	5.000000e-02
7.210000	5.000000e-03	4.500000e-02	5.000000e-02
7.220000	5.000000e-03	4.500000e-02	5.000000e-02
7.230000	5.000000e-03	4.500000e-02	5.000000e-02
7.240000	4.050000e-03	4.500000e-02	4.905000e-02
7.250000	4.050000e-03	4.500000e-02	4.905000e-02
7.260000	4.050000e-03	4.500000e-02	4.905000e-02
7.270000	3.200000e-03	4.805000e-02	5.125000e-02
7.280000	3.200000e-03	4.805000e-02	5.125000e-02
7.290000	3.200000e-03	4.805000e-02	5.125000e-02
7.300000	2.450000e-03	4.805000e-02	5.050000e-02
7.310000	2.450000e-03	4.805000e-02	5.050000e-02
7.320000	2.450000e-03	4.805000e-02	5.050000e-02
7.330000	1.800000e-03	4.805000e-02	4.985000e-02
7.340000	1.800000e-03	4.805000e-02	4.985000e-02
7.350000	1.800000e-03	4.805000e-02	4.985000e-02
7.360000	1.800000e-03	4.805000e-02	4.985000e-02
7.370000	1.250000e-03	4.805000e-02	4.930000e-02
7.380000	1.250000e-03	4.805000e-02	4.930000e-02
7.390000	1.250000e-03	4.805000e-02	4.930000e-02
7.400000	8.000000e-04	4.805000e-02	4.885000e-02
7.410000	8.000000e-04	4.805000e-02	4.885000e-02
7.420000	8.000000e-04	4.805000e-02	4.885000e-02
7.430000	4.500000e-04	4.805000e-02	4.850000e-02
7.440000	4.500000e-04	4.805000e-02	4.850000e-02
7.450000	4.500000e-04	4.805000e-02	4.850000e-02
7.460000	2.000000e-04	4.805000e-02	4.825000e-02
7.470000	2.000000e-04	5.120000e-02	5.140000e-02
7.480000	2.000000e-04	5.120000e-02	5.140000e-02
7.490000	5.000000e-05	5.120000e-02	5.125000e-02
7.500000	5.000000e-05	5.120000e-02	5.125000e-02
7.510000	5.000000e-05	5.120000e-02	5.125000e-02
7.520000	5.000000e-05	5.120000e-02	5.125000e-02
7.530000	0.000000e+00	5.120000e-02	5.120000e-02
7.540000	0.000000e+00	5.120000e-02	5.120000e-02
7.550000	0.000000e+00	5.120000e-02	5.120000e-02
7.560000	5.000000e-05	5.120000e-02	5.125000e-02
7.570000	5.000000e-05	5.120000e-02	5.125000e-02
7.580000	5.000000e-05	5.120000e-02	5.125000e-02
7.590000	2.000000e-04	5.120000e-02	5.140000e-02
7.600000	2.000000e-04	5.120000e-02	5.140000e-02
7.610000	2.000000e-04	4.805000e-02	4.825000e-02
7.620000	4.500000e-04	4.805000e-02	4.850000e-02
7.630000	4.500000e-04	4.805000e-02	4.850000e-02
7.640000	4.500000e-04	4.805000e-02	4.850000e-02
7.650000	8.000000e-04	4.805000e-02	4.885000e-02
7.660000	8.000000e-04	4.805000e-02	4.885000e-02
7.670000	8.000000e-04	4.805000e-02	4.885000e-02
7.680000	1.250000e-03	4.805000e-02	4.930000e-02
7.690000	1.250000e-03	4.805000e-02	4.930000e-02
7.700000	1.250000e-03	4.805000e-02	4.930000e-02
7.710000	1.250000e-03	4.805000e-02	4.930000e-02
7.720000	1.800000e-03	4.805000e-02	4.985000e-02
7.730000	1.800000e-03	4.805000e-02	4.985000e-02
7.740000	1.800000e-03	4.805000e-02	4.985000e-02
7.750000	2.450000e-03	4.805000e-02	5.050000e-02
7.760000	2.450000e-03	4.805000e-02	5.050000e-02
7.770000	2.450000e-03	4.805000e-02	5.050000e-02
7.780000	3.200000e-03	4.805000e-02	5.125000e-02
7.790000	3.200000e-03	4.805000e-02	5.125000e-02
7.800000	3.200000e-03	4.500000e-02	4.820000e-02
7.810000	4.050000e-03	4.500000e-02	4.905000e-02
7.820000	4.050000e-03	4.500000e-02	4.905000e-02
7.830000	4.050000e-03	4.500000e-02	4.905000e-02
7.840000	4.050000e-03	4.500000e-02	4.905000e-02
7.850000	5.000000e-03	4.500000e-02	5.000000e-02
7.860000	5.000000e-03	4.500000e-02	5.000000e-02
7.870000	5.000000e-03	4.500000e-02	5.000000e-02
7.880000	6.050000e-03	4.500000e-02	5.105000e-02
7.890000	6.050000e-03	4.500000e-02	5.105000e-02
7.900000	6.050000e-03	4.205000e-02	4.810000e-02
7.910000	7.200000e-03	4.205000e-02	4.925000e-02
7.920000	7.200000e-03	4.205000e-02	4.925000e-02
7.930000	7.200000e-03	4.205000e-02	4.925000e-02
7.940000	7.200000e-03	4.205000e-02	4.925000e-02
7.950000	8.450000e-03	4.205000e-02	5.050000e-02
7.960000	8.450000e-03	4.205000e-02	5.050000e-02
7.970000	8.450000e-03	4.205000e-02	5.050000e-02
7.980000	9.800000e-03	3.920000e-02	4.900000e-02
7.990000	9.800000e-03	3.920000e-02	4.900000e-02
8.000000	9.800000e-03	3.920000e-02	4.900000e-02
8.010000	9.800000e-03	3.920000e-02	4.900000e-02
8.020000	1.125000e-02	3.920000e-02	5.045000e-02
8.030000	1.125000e-02	3.920000e-02	5.045000e-02
8.040000	1.125000e-02	3.920000e-02	5.045000e-02
8.050000	1.280000e-02	3.645000e-02	4.925000e-02
8.060000	1.280000e-02	3.645000e-02	4.925000e-02
8.070000	1.280000e-02	3.645000e-02	4.925000e-02
8.080000	1.280000e-02	3.645000e-02	4.925000e-02
8.090000	1.445000e-02	3.645000e-02	5.090000e-02
8.100000	1.445000e-02	3.645000e-02	5.090000e-02
8.110000	1.445000e-02	3.380000e-02	4.825000e-02
8.120000	1.445000e-02	3.380000e-02	4.825000e-02
8.130000	1.620000e-02	3.380000e-02	5.000000e-02
8.140000	1.620000e-02	3.380000e-02	5.000000e-02
8.150000	1.620000e-02	3.380000e-02	5.000000e-02
8.160000	1.620000e-02	3.380000e-02	5.000000e-02
8.170000	1.805000e-02	3.125000e-02	4.930000e-02
8.180000	1.805000e-02	3.125000e-02	4.930000e-02
8.190000	1.805000e-02	3.125000e-02	4.930000e-02
8.200000	1.805000e-02	3.125000e-02	4.930000e-02
8.210000	2.000000e-02	3.125000e-02	5.125000e-02
8.220000	2.000000e-02	2.880000e-02	4.880000e-02
8.230000	2.000000e-02	2.880000e-02	4.880000e-02
8.240000	2.000000e-02	2.880000e-02	4.880000e-02
8.250000	2.205000e-02	2.880000e-02	5.085000e-02
8.260000	2.205000e-02	2.880000e-02	5.085000e-02
8.270000	2.205000e-02	2.645000e-02	4.850000e-02
8.280000	2.205000e-02	2.645000e-02	4.850000e-02
8.290000	2.420000e-02	2.645000e-02	5.065000e-02
8.300000	2.420000e-02	2.645000e-02	5.065000e-02
8.310000	2.420000e-02	2.420000e-02	4.840000e-02
8.320000	2.420000e-02	2.420000e-02	4.840000e-02
8.330000	2.645000e-02	2.420000e-02	5.065000e-02
8.340000	2.645000e-02	2.420000e-02	5.065000e-02
8.350000	2.645000e-02	2.420000e-02	5.065000e-02
8.360000	2.645000e-02	2.205000e-02	4.850000e-02
8.370000	2.645000e-02	2.205000e-02	4.850000e-02
8.380000	2.880000e-02	2.205000e-02	5.085000e-02
8.390000	2.880000e-02	2.205000e-02	5.085000e-02
8.400000	2.880000e-02	2.000000e-02	4.880000e-02
8.410000	2.880000e-02	2.000000e-02	4.880000e-02
8.420000	2.880000e-02	2.000000e-02	4.880000e-02
8.430000	3.125000e-02	2.000000e-02	5.125000e-02
8.440000	3.125000e-02	1.805000e-02	4.930000e-02
8.450000	3.125000e-02	1.805000e-02	4.930000e-02
8.460000	3.125000e-02	1.805000e-02	4.930000e-02
8.470000	3.125000e-02	1.805000e-02	4.930000e-02
8.480000	3.380000e-02	1.620000e-02	5.000000e-02
8.490000	3.380000e-02	1.620000e-02	5.000000e-02
8.500000	3.380000e-02	1.620000e-02	5.000000e-02
8.510000	3.380000e-02	1.620000e-02	5.000000e-02
8.520000	3.380000e-02	1.445000e-02	4.825000e-02
8.530000	3.380000e-02	1.445000e-02	4.825000e-02
8.540000	3.645000e-02	1.445000e-02	5.090000e-02
8.550000	3.645000e-02	1.445000e-02	5.090000e-02
8.560000	3.645000e-02	1.280000e-02	4.925000e-02
8.570000	3.645000e-02	1.280000e-02	4.925000e-02
8.580000	3.645000e-02	1.280000e-02	4.925000e-02
8.590000	3.645000e-02	1.125000e-02	4.770000e-02
8.600000	3.920000e-02	1.125000e-02	5.045000e-02
8.610000	3.920000e-02	1.125000e-02	5.045000e-02
8.620000	3.920000e-02	1.125000e-02	5.045000e-02
8.630000	3.920000e-02	9.800000e-03	4.900000e-02
8.640000	3.920000e-02	9.800000e-03	4.900000e-02
8.650000	3.920000e-02	9.800000e-03	4.900000e-02
8.660000	3.920000e-02	9.800000e-03	4.900000e-02
8.670000	4.205000e-02	8.450000e-03	5.050000e-02
8.680000	4.205000e-02	8.450000e-03	5.050000e-02
8.690000	4.205000e-02	8.450000e-03	5.050000e-02
8.700000	4.205000e-02	7.200000e-03	4.925000e-02
8.710000	4.205000e-02	7.200000e-03	4.925000e-02
8.720000	4.205000e-02	7.200000e-03	4.925000e-02
8.730000	4.205000e-02	6.050000e-03	4.810000e-02
8.740000	4.205000e-02	6.050000e-03	4.810000e-02
8.750000	4.500000e-02	6.050000e-03	5.105000e-02
8.760000	4.500000e-02	6.050000e-03	5.105000e-02
8.770000	4.500000e-02	5.000000e-03	5.000000e-02
8.780000	4.500000e-02	5.000000e-03	5.000000e-02
8.790000	4.500000e-02	5.000000e-03	5.000000e-02
8.800000	4.500000e-02	4.050000e-03	4.905000e-02
8.810000	4.500000e-02	4.050000e-03	4.905000e-02
8.820000	4.500000e-02	4.050000e-03	4.905000e-02
8.830000	4.500000e-02	3.200000e-03	4.820000e-02
8.840000	4.500000e-02	3.200000e-03	4.820000e-02
8.850000	4.805000e-02	3.200000e-03	5.125000e-02
8.860000	4.805000e-02	3.200000e-03	5.125000e-02
8.870000	4.805000e-02	2.450000e-03	5.050000e-02
8.880000	4.805000e-02	2.450000e-03	5.050000e-02
8.890000	4.805000e-02	2.450000e-03	5.050000e-02
8.900000	4.805000e-02	1.800000e-03	4.985000e-02
8.910000	4.805000e-02	1.800000e-03	4.985000e-02
8.920000	4.805000e-02	1.800000e-03	4.985000e-02
8.930000	4.805000e-02	1.250000e-03	4.930000e-02
8.940000	4.805000e-02	1.250000e-03	4.930000e-02
8.950000	4.805000e-02	1.250000e-03	4.930000e-02
8.960000	4.805000e-02	8.000000e-04	4.885000e-02
8.970000	4.805000e-02	8.000000e-04	4.885000e-02
8.980000	4.805000e-02	8.000000e-04	4.885000e-02
8.990000	4.805000e-02	8.000000e-04	4.885000e-02
9.000000	4.805000e-02	4.500000e-04	4.850000e-02
9.010000	4.805000e-02	4.500000e-04	4.850000e-02
9.020000	4.805000e-02	4.500000e-04	4.850000e-02
9.030000	4.805000e-02	2.000000e-04	4.825000e-02
9.040000	5.120000e-02	2.000000e-04	5.140000e-02
9.050000	5.120000e-02	2.000000e-04	5.140000e-02
9.060000	5.120000e-02	5.000000e-05	5.125000e-02
9.070000	5.120000e-02	5.000000e-05	5.125000e-02
9.080000	5.120000e-02	5.000000e-05	5.125000e-02
9.090000	5.120000e-02	0.000000e+00	5.120000e-02
9.100000	5.120000e-02	0.000000e+00	5.120000e-02
9.110000	5.120000e-02	0.000000e+00	5.120000e-02
9.120000	5.120000e-02	5.000000e-05	5.125000e-02
9.130000	5.120000e-02	5.000000e-05	5.125000e-02
9.140000	5.120000e-02	5.000000e-05	5.125000e-02
9.150000	5.120000e-02	5.000000e-05	5.125000e-02
9.160000	5.120000e-02	2.000000e-04	5.140000e-02
9.170000	5.120000e-02	2.000000e-04	5.140000e-02
9.180000	4.805000e-02	2.000000e-04	4.825000e-02
9.190000	4.805000e-02	4.500000e-04	4.850000e-02
9.200000	4.805000e-02	4.500000e-04	4.850000e-02
9.210000	4.805000e-02	4.500000e-04	4.850000e-02
9.220000	4.805000e-02	8.000000e-04	4.885000e-02
9.230000	4.805000e-02	8.000000e-04	4.885000e-02
9.240000	4.805000e-02	8.000000e-04	4.885000e-02
9.250000	4.805000e-02	1.250000e-03	4.930000e-02
9.260000	4.805000e-02	1.250000e-03	4.930000e-02
9.270000	4.805000e-02	1.250000e-03	4.930000e-02
9.280000	4.805000e-02	1.800000e-03	4.985000e-02
9.290000	4.805000e-02	1.800000e-03	4.985000e-02
9.300000	4.805000e-02	1.800000e-03	4.985000e-02
9.310000	4.805000e-02	2.450000e-03	5.050000e-02
9.320000	4.805000e-02	2.450000e-03	5.050000e-02
9.330000	4.805000e-02	2.450000e-03	5.050000e-02
9.340000	4.805000e-02	2.450000e-03	5.050000e-02
9.350000	4.805000e-02	3.200000e-03	5.125000e-02
9.360000	4.805000e-02	3.200000e-03	5.125000e-02
9.370000	4.500000e-02	3.200000e-03	4.820000e-02
9.380000	4.500000e-02	4.050000e-03	4.905000e-02
9.390000	4.500000e-02	4.050000e-03	4.905000e-02
9.400000	4.500000e-02	4.050000e-03	4.905000e-02
9.410000	4.500000e-02	5.000000e-03	5.000000e-02
9.420000	4.500000e-02	5.000000e-03	5.000000e-02
9.430000	4.500000e-02	5.000000e-03	5.000000e-02
9.440000	4.500000e-02	5.000000e-03	5.000000e-02
9.450000	4.500000e-02	6.050000e-03	5.105000e-02
9.460000	4.500000e-02	6.050000e-03	5.105000e-02
9.470000	4.500000e-02	6.050000e-03	5.105000e-02
9.480000	4.205000e-02	7.200000e-03	4.925000e-02
9.490000	4.205000e-02	7.200000e-03	4.925000e-02
9.500000	4.205000e-02	7.200000e-03	4.925000e-02
9.510000	4.205000e-02	8.450000e-03	5.050000e-02
9.520000	4.205000e-02	8.450000e-03	5.050000e-02
9.530000	4.205000e-02	8.450000e-03	5.050000e-02
9.540000	4.205000e-02	8.450000e-03	5.050000e-02
9.550000	4.205000e-02	9.800000e-03	5.185000e-02
9.560000	3.920000e-02	9.800000e-03	4.900000e-02
9.570000	3.920000e-02	9.800000e-03	4.900000e-02
9.580000	3.920000e-02	1.125000e-02	5.045000e-02
9.590000	3.920000e-02	1.125000e-02	5.045000e-02
9.600000	3.920000e-02	1.125000e-02	5.045000e-02
9.610000	3.920000e-02	1.125000e-02	5.045000e-02
9.620000	3.920000e-02	1.280000e-02	5.200000e-02
9.630000	3.645000e-02	1.280000e-02	4.925000e-02
9.640000	3.645000e-02	1.280000e-02	4.925000e-02
9.650000	3.645000e-02	1.280000e-02	4.925000e-02
9.660000	3.645000e-02	1.445000e-02	5.090000e-02
9.670000	3.645000e-02	1.445000e-02	5.090000e-02
9.680000	3.645000e-02	1.445000e-02	5.090000e-02
9.690000	3.380000e-02	1.620000e-02	5.000000e-02
9.700000	3.380000e-02	1.620000e-02	5.000000e-02
9.710000	3.380000e-02	1.620000e-02	5.000000e-02
9.720000	3.380000e-02	1.620000e-02	5.000000e-02
9.730000	3.380000e-02	1.805000e-02	5.185000e-02
9.740000	3.125000e-02	1.805000e-02	4.930000e-02
9.750000	3.125000e-02	1.805000e-02	4.930000e-02
9.760000	3.125000e-02	1.805000e-02	4.930000e-02
9.770000	3.125000e-02	2.000000e-02	5.125000e-02
9.780000	3.125000e-02	2.000000e-02	5.125000e-02
9.790000	3.125000e-02	2.000000e-02	5.125000e-02
9.800000	2.880000e-02	2.000000e-02	4.880000e-02
9.810000	2.880000e-02	2.205000e-02	5.085000e-02
9.820000	2.880000e-02	2.205000e-02	5.085000e-02
9.830000	2.880000e-02	2.205000e-02	5.085000e-02
9.840000	2.645000e-02	2.205000e-02	4.850000e-02
9.850000	2.645000e-02	2.205000e-02	4.850000e-02
9.860000	2.645000e-02	2.420000e-02	5.065000e-02
9.870000	2.645000e-02	2.420000e-02	5.065000e-02
9.880000	2.645000e-02	2.420000e-02	5.065000e-02
9.890000	2.420000e-02	2.420000e-02	4.840000e-02
9.900000	2.420000e-02	2.645000e-02	5.065000e-02
9.910000	2.420000e-02	2.645000e-02	5.065000e-02
9.920000	2.420000e-02	2.645000e-02	5.065000e-02
9.930000	2.205000e-02	2.645000e-02	4.850000e-02
9.940000	2.205000e-02	2.645000e-02	4.850000e-02
9.950000	2.205000e-02	2.880000e-02	5.085000e-02
9.960000	2.205000e-02	2.880000e-02	5.085000e-02
9.970000	2.205000e-02	2.880000e-02	5.085000e-02
9.980000	2.000000e-02	2.880000e-02	4.880000e-02
9.990000	2.000000e-02	2.880000e-02	4.880000e-02
10.000000	2.000000e-02	3.125000e-02	5.125000e-02
10.010000	2.000000e-02	3.125000e-02	5.125000e-02
